0	266	2.0
1	643	3.0
2	888	1.0
3	1057	0.0
4	1307	1.0
5	1470	0.0
6	1754	2.0
7	2021	2.0
8	2467	4.0
9	2686	1.0
10	2972	2.0
11	3233	1.0
12	3482	1.0
13	3647	0.0
14	3827	0.0
15	4061	1.0
16	4230	0.0
17	4446	1.0
18	4617	0.0
19	4979	3.0
20	5282	2.0
21	5515	1.0
22	5757	1.0
23	5921	0.0
24	6130	1.0
25	6342	1.0
26	6515	0.0
27	6780	2.0
28	7014	1.0
29	7272	2.0
30	7448	0.0
31	7685	1.0
32	7852	0.0
33	8038	0.0
34	8277	1.0
35	8529	2.0
36	8760	1.0
37	8927	0.0
38	9102	0.0
39	9428	3.0
40	9697	2.0
41	10029	3.0
42	10268	1.0
43	10582	3.0
44	10748	0.0
45	10998	1.0
46	11248	1.0
47	11519	2.0
48	11750	1.0
49	11959	1.0
50	12129	0.0
51	12472	3.0
52	12638	0.0
53	12804	0.0
54	13018	1.0
55	13294	2.0
56	13630	3.0
57	13869	1.0
58	14038	0.0
59	14212	0.0
60	14480	2.0
61	14653	0.0
62	15050	4.0
63	15289	1.0
64	15469	0.0
65	15655	0.0
66	15979	2.0
67	16207	1.0
68	16491	2.0
69	16787	2.0
70	16998	1.0
71	17229	1.0
72	17494	2.0
73	17801	3.0
74	18031	1.0
75	18221	0.0
76	18415	0.0
77	18631	1.0
78	18860	1.0
79	19033	0.0
80	19383	3.0
81	19599	1.0
82	20047	4.0
83	20333	2.0
84	20563	1.0
85	20802	1.0
86	21078	2.0
87	21265	0.0
88	21666	4.0
89	21830	0.0
90	22100	2.0
91	22284	0.0
92	22505	1.0
93	22681	0.0
94	22956	2.0
95	23318	4.0
96	23524	1.0
97	23695	0.0
98	24076	5.0
99	24316	1.0
100	24613	2.0
101	24787	0.0
102	24997	1.0
103	25172	0.0
104	25401	1.0
105	25567	0.0
106	25812	1.0
107	26001	0.0
108	26335	3.0
109	26552	1.0
110	26899	3.0
111	27132	1.0
112	27393	1.0
113	27556	0.0
114	27842	2.0
115	28009	0.0
116	28255	2.0
117	28420	0.0
118	28858	4.0
119	29128	2.0
120	29371	1.0
121	29610	1.0
122	29955	3.0
123	30126	0.0
124	30346	1.0
125	30572	1.0
126	30855	2.0
127	31026	0.0
128	31195	0.0
129	31402	1.0
130	31751	3.0
131	32096	3.0
132	32426	3.0
133	32597	0.0
134	32861	2.0
135	33026	0.0
136	33255	1.0
137	33535	2.0
138	33709	0.0
139	34056	3.0
140	34372	2.0
141	34547	0.0
142	34943	4.0
143	35219	2.0
144	35492	2.0
145	35672	0.0
146	35837	0.0
147	36222	3.0
148	36494	2.0
149	36678	0.0
150	36970	2.0
151	37248	2.0
152	37413	0.0
153	37582	0.0
154	37786	1.0
155	38014	1.0
156	38286	2.0
157	38557	2.0
158	38742	0.0
159	39030	2.0
160	39314	2.0
161	39592	2.0
162	40117	7.0
163	40306	0.0
164	40477	0.0
165	40649	0.0
166	41037	4.0
167	41211	0.0
168	41388	0.0
169	41606	1.0
170	41841	1.0
171	42152	3.0
172	42469	3.0
173	42805	3.0
174	42985	0.0
0	415	5.0
1	704	2.0
2	942	1.0
3	1178	1.0
4	1421	1.0
5	1692	2.0
6	1877	0.0
7	2151	2.0
8	2333	0.0
9	2734	4.0
10	2957	1.0
11	3192	1.0
12	3364	0.0
13	3731	3.0
14	3961	1.0
15	4201	1.0
16	4412	1.0
17	4813	4.0
18	4992	0.0
19	5165	0.0
20	5501	3.0
21	5659	0.0
22	5823	0.0
23	6002	0.0
24	6212	1.0
25	6447	1.0
26	6681	1.0
27	6896	1.0
28	7063	0.0
29	7313	1.0
30	7488	0.0
31	7664	0.0
32	7895	1.0
33	8124	1.0
34	8577	5.0
35	8806	1.0
36	9104	2.0
37	9293	0.0
38	9516	1.0
39	9748	1.0
40	10023	2.0
41	10354	3.0
42	10519	0.0
43	10796	2.0
44	11186	4.0
45	11402	1.0
46	11665	2.0
47	11926	2.0
48	12162	1.0
49	12507	3.0
50	12683	0.0
51	12911	1.0
52	13123	1.0
53	13292	0.0
54	13482	0.0
55	13651	0.0
56	13923	2.0
57	14104	0.0
58	14272	0.0
59	14535	2.0
60	14706	0.0
61	15033	3.0
62	15300	2.0
63	15570	1.0
64	15793	1.0
65	15959	0.0
66	16186	1.0
0	168	0.0
1	570	4.0
2	869	2.0
3	1158	2.0
4	1437	2.0
5	1645	1.0
6	1861	1.0
7	2042	0.0
8	2513	6.0
9	2695	0.0
10	2964	2.0
11	3197	1.0
12	3444	1.0
13	3623	0.0
14	3860	1.0
15	4035	0.0
16	4208	0.0
17	4527	3.0
18	4757	1.0
19	4928	0.0
20	5270	3.0
21	5437	0.0
22	5713	2.0
23	5871	0.0
24	6108	1.0
25	6319	0.0
26	6489	0.0
27	6676	0.0
28	6908	1.0
29	7143	1.0
30	7328	0.0
31	7495	0.0
32	7717	1.0
33	8013	2.0
34	8185	0.0
35	8389	1.0
36	8554	0.0
37	8769	1.0
38	9084	3.0
39	9496	4.0
40	9769	2.0
41	9940	0.0
42	10110	0.0
43	10475	3.0
44	10648	0.0
45	10830	0.0
46	11092	2.0
47	11328	1.0
48	11503	0.0
49	11670	0.0
50	11941	2.0
51	12177	1.0
52	12445	2.0
53	12741	2.0
54	13018	2.0
55	13239	1.0
56	13411	0.0
57	13619	1.0
58	13791	0.0
59	14059	2.0
60	14271	1.0
61	14732	5.0
62	15002	2.0
63	15177	0.0
64	15346	0.0
65	15575	1.0
66	15746	0.0
67	15918	0.0
68	16078	0.0
69	16237	0.0
70	16400	0.0
71	16710	2.0
72	17019	2.0
73	17290	2.0
74	17537	1.0
75	17706	0.0
76	18005	2.0
77	18176	0.0
78	18348	0.0
79	18515	0.0
80	18731	1.0
81	18896	0.0
82	19162	2.0
83	19327	0.0
84	19556	1.0
85	19816	1.0
86	20122	3.0
87	20350	1.0
88	20630	2.0
89	20804	0.0
90	20970	0.0
91	21274	2.0
92	21451	0.0
93	21760	2.0
94	22046	2.0
95	22265	1.0
96	22580	3.0
97	22747	0.0
98	23068	3.0
99	23235	0.0
100	23405	0.0
101	23673	2.0
102	24169	6.0
103	24340	0.0
104	24701	3.0
105	24878	0.0
106	25098	1.0
107	25269	0.0
108	25438	0.0
109	25768	3.0
110	26000	1.0
111	26329	3.0
112	26628	2.0
113	26998	3.0
114	27269	2.0
115	27507	1.0
116	27896	4.0
117	28134	1.0
118	28400	2.0
119	28573	0.0
120	28745	0.0
121	28980	1.0
122	29248	2.0
123	29459	1.0
124	29680	1.0
125	30061	5.0
126	30266	1.0
127	30558	2.0
128	30837	2.0
129	31082	1.0
130	31259	0.0
131	31460	1.0
132	31683	1.0
133	31870	0.0
134	32215	4.0
135	32455	1.0
136	32764	2.0
137	33094	3.0
138	33365	2.0
139	33536	0.0
140	33867	3.0
141	34035	0.0
142	34270	1.0
143	34509	1.0
144	34794	2.0
145	35099	3.0
146	35370	2.0
147	35602	1.0
148	35816	1.0
149	36001	0.0
150	36383	4.0
151	36550	0.0
152	36779	1.0
153	37187	4.0
154	37369	0.0
155	37597	1.0
156	37863	2.0
157	38132	2.0
158	38300	0.0
159	38599	2.0
160	38780	0.0
161	39222	5.0
162	39467	1.0
163	39734	2.0
164	39900	0.0
165	40080	0.0
166	40251	0.0
167	40565	2.0
168	40853	2.0
169	41024	0.0
170	41299	2.0
171	41504	1.0
172	41774	2.0
173	42008	1.0
174	42180	0.0
175	42486	3.0
176	42652	0.0
177	42832	0.0
178	43053	1.0
179	43266	1.0
180	43529	2.0
181	43798	2.0
182	43970	0.0
183	44279	3.0
184	44451	0.0
185	44613	0.0
186	44882	2.0
187	45054	0.0
188	45414	3.0
189	45595	0.0
190	45834	1.0
191	46076	2.0
192	46250	0.0
193	46727	6.0
194	47031	3.0
195	47210	0.0
196	47432	1.0
197	47614	0.0
198	47794	0.0
199	48064	2.0
200	48291	1.0
201	48504	1.0
202	48980	5.0
203	49376	4.0
204	49674	2.0
205	49899	1.0
206	50160	2.0
207	50337	0.0
208	50518	0.0
209	50752	1.0
210	50932	0.0
211	51361	4.0
212	51527	0.0
213	51819	2.0
214	52107	2.0
215	52399	2.0
216	52702	2.0
217	52899	0.0
218	53227	3.0
219	53432	0.0
220	53740	3.0
221	53944	1.0
222	54146	1.0
223	54356	1.0
224	54531	0.0
225	54770	1.0
226	55041	2.0
227	55216	0.0
228	55378	0.0
229	55797	4.0
230	56105	3.0
231	56342	1.0
232	56602	2.0
233	56760	0.0
234	56929	0.0
235	57097	0.0
236	57266	0.0
237	57493	1.0
238	57833	3.0
239	58114	2.0
240	58380	2.0
241	58640	1.0
242	58872	1.0
243	59045	0.0
244	59379	3.0
245	59645	2.0
246	59806	0.0
247	60248	5.0
248	60412	0.0
249	60629	1.0
250	60894	2.0
251	61196	3.0
252	61470	2.0
253	61845	4.0
254	62015	0.0
255	62310	2.0
256	62477	0.0
257	62667	0.0
258	62913	1.0
259	63177	2.0
260	63378	1.0
261	63608	1.0
262	63776	0.0
263	64017	1.0
264	64242	1.0
265	64451	1.0
266	64710	2.0
267	64883	0.0
268	65116	1.0
269	65339	1.0
270	65505	0.0
271	65718	1.0
272	65895	0.0
273	66115	1.0
274	66505	4.0
275	66719	1.0
276	66950	1.0
277	67175	1.0
278	67341	0.0
279	67507	0.0
280	67671	0.0
281	67944	2.0
282	68218	2.0
283	68427	1.0
284	68650	1.0
285	68932	2.0
286	69456	9.0
287	69632	0.0
288	70095	5.0
289	70381	2.0
290	70674	2.0
291	70856	0.0
292	71130	2.0
293	71344	1.0
294	71686	3.0
295	71911	1.0
296	72144	1.0
297	72351	1.0
298	72523	0.0
299	72737	1.0
300	73065	3.0
301	73376	3.0
302	73584	1.0
303	73856	2.0
304	74017	0.0
305	74195	0.0
306	74364	0.0
307	74556	0.0
308	74824	2.0
309	75287	6.0
310	75492	1.0
311	75728	1.0
312	75934	1.0
313	76111	0.0
314	76381	2.0
315	76660	2.0
316	76824	0.0
317	76996	0.0
318	77157	0.0
319	77347	0.0
320	77517	0.0
321	77692	0.0
322	77900	1.0
323	78124	1.0
324	78340	1.0
325	78505	0.0
326	78669	0.0
327	78895	1.0
328	79127	1.0
329	79395	2.0
330	79598	1.0
331	79819	1.0
332	80152	3.0
333	80532	4.0
334	80705	0.0
335	80914	1.0
336	81165	2.0
337	81395	1.0
338	81634	1.0
339	81844	1.0
340	82007	0.0
341	82268	2.0
342	82558	2.0
343	83030	6.0
344	83359	3.0
345	83685	3.0
346	83853	0.0
347	84070	1.0
348	84343	2.0
349	84582	1.0
350	84751	0.0
351	85062	3.0
352	85447	4.0
353	85621	0.0
354	85786	0.0
355	85977	0.0
356	86143	0.0
357	86354	1.0
358	86518	0.0
359	86740	1.0
360	86991	1.0
361	87215	1.0
362	87375	0.0
363	87593	1.0
364	87950	3.0
365	88168	1.0
366	88343	0.0
367	88517	0.0
368	88684	0.0
369	89007	3.0
370	89175	0.0
371	89353	0.0
372	89573	1.0
373	89827	2.0
374	90099	2.0
375	90320	1.0
376	90745	5.0
377	91063	3.0
378	91361	2.0
379	91577	1.0
380	91748	0.0
381	91954	1.0
382	92120	0.0
383	92403	3.0
384	92693	2.0
385	92872	0.0
386	93078	1.0
387	93255	0.0
388	93428	0.0
389	93659	1.0
390	93926	2.0
391	94148	1.0
392	94355	1.0
393	94562	1.0
394	94956	4.0
395	95251	2.0
396	95529	2.0
397	95743	1.0
398	95948	1.0
399	96201	2.0
400	96426	1.0
401	96667	1.0
402	96835	0.0
403	97390	6.0
404	97655	2.0
405	97902	1.0
406	98146	1.0
407	98325	0.0
408	98545	1.0
409	98770	1.0
410	98950	0.0
411	99280	3.0
412	99574	2.0
413	99861	2.0
414	100095	1.0
415	100403	2.0
416	100568	0.0
417	100783	1.0
418	101057	2.0
419	101386	3.0
420	101551	0.0
421	101865	3.0
422	102070	1.0
423	102347	2.0
424	102618	2.0
425	102897	2.0
426	103397	6.0
427	103691	2.0
428	103867	0.0
429	104173	3.0
430	104439	2.0
431	104604	0.0
432	104828	1.0
433	105005	0.0
434	105176	0.0
435	105567	4.0
436	105741	0.0
437	105902	0.0
438	106195	2.0
439	106440	2.0
440	106860	4.0
441	107037	0.0
442	107198	0.0
443	107406	1.0
444	107638	1.0
445	107901	2.0
446	108200	2.0
447	108445	2.0
448	108671	1.0
449	109025	3.0
450	109239	1.0
451	109400	0.0
452	109667	2.0
453	109847	0.0
454	110018	0.0
455	110241	1.0
456	110408	0.0
457	110655	1.0
458	110949	2.0
459	111115	0.0
460	111417	2.0
461	111731	3.0
462	111990	2.0
463	112221	1.0
464	112437	1.0
465	112673	1.0
466	112906	1.0
467	113176	2.0
468	113347	0.0
469	113557	1.0
470	113751	1.0
471	113959	1.0
472	114179	1.0
473	114385	1.0
474	114624	1.0
475	114853	1.0
476	115018	0.0
477	115178	0.0
478	115403	1.0
479	115604	1.0
480	115885	2.0
481	116129	1.0
482	116303	0.0
483	116467	0.0
484	116634	0.0
485	117096	5.0
486	117512	5.0
487	117683	0.0
488	117862	0.0
489	118236	3.0
490	118409	0.0
491	118813	4.0
492	119111	2.0
493	119321	1.0
494	119483	0.0
495	119706	1.0
496	119984	2.0
497	120211	1.0
498	120488	2.0
499	120724	1.0
500	120960	1.0
501	121161	1.0
502	121331	0.0
503	121558	1.0
504	121809	2.0
505	122073	1.0
506	122418	3.0
507	122644	1.0
508	122812	0.0
509	123049	1.0
510	123318	2.0
511	123493	0.0
512	123823	3.0
513	124164	3.0
514	124328	0.0
515	124516	0.0
516	124689	0.0
517	124913	1.0
518	125077	0.0
519	125251	0.0
520	125421	0.0
521	125966	9.0
522	126230	2.0
523	126443	1.0
524	126738	2.0
525	126914	0.0
526	127155	1.0
527	127516	3.0
528	127852	3.0
529	128070	1.0
530	128244	0.0
531	128447	0.0
532	128653	1.0
533	128970	2.0
534	129131	0.0
535	129329	0.0
536	129665	3.0
537	129846	0.0
538	130113	2.0
539	130559	5.0
540	130819	2.0
541	131108	2.0
542	131406	2.0
543	131582	0.0
544	131752	0.0
545	132170	5.0
546	132470	2.0
547	132648	0.0
548	132819	0.0
549	133007	0.0
550	133338	3.0
551	133578	1.0
552	133742	0.0
553	133951	1.0
554	134174	1.0
555	134582	4.0
556	134813	1.0
557	135199	4.0
558	135466	2.0
559	135650	0.0
560	135904	2.0
561	136174	2.0
562	136407	1.0
563	136583	0.0
564	136750	0.0
565	137034	2.0
566	137257	1.0
567	137457	0.0
568	137687	1.0
569	137968	2.0
570	138143	0.0
571	138481	3.0
572	138648	0.0
573	138922	2.0
574	139155	1.0
575	139330	0.0
576	139487	0.0
577	139786	2.0
578	139956	0.0
579	140220	2.0
580	140484	2.0
581	140765	2.0
582	141191	5.0
583	141464	2.0
584	141693	1.0
585	142041	3.0
586	142518	6.0
587	142847	3.0
588	143050	1.0
589	143410	3.0
590	143579	0.0
591	143846	2.0
592	144068	1.0
593	144426	3.0
594	144694	2.0
595	144878	0.0
596	145040	0.0
597	145219	0.0
598	145460	2.0
599	145638	0.0
600	145953	3.0
601	146131	0.0
602	146373	2.0
603	146581	1.0
604	146745	0.0
605	146927	0.0
606	147126	1.0
607	147300	0.0
608	147608	3.0
609	147880	2.0
610	148054	0.0
611	148244	0.0
612	148641	4.0
613	148837	0.0
614	149055	1.0
615	149280	1.0
616	149487	1.0
617	149678	0.0
618	149947	2.0
619	150213	1.0
620	150448	1.0
621	150866	4.0
622	151039	0.0
623	151313	2.0
624	151658	3.0
625	151911	1.0
626	152079	0.0
627	152296	1.0
628	152465	0.0
629	152773	2.0
630	152979	1.0
631	153157	0.0
632	153636	5.0
633	153907	1.0
634	154073	0.0
635	154362	2.0
636	154601	1.0
637	154840	1.0
638	155144	2.0
639	155480	3.0
640	155647	0.0
641	155947	3.0
642	156155	1.0
643	156448	1.0
644	156661	1.0
645	156886	1.0
646	157110	1.0
647	157310	0.0
648	157472	0.0
649	157811	3.0
650	158269	6.0
651	158456	0.0
652	158743	2.0
653	158905	0.0
654	159238	3.0
655	159461	1.0
656	159691	1.0
657	159950	1.0
658	160121	0.0
659	160341	1.0
660	160573	1.0
661	160895	3.0
662	161059	0.0
663	161224	0.0
664	161517	2.0
665	161832	2.0
666	162136	2.0
667	162328	0.0
668	162494	0.0
669	162744	1.0
670	162919	0.0
671	163137	1.0
672	163363	1.0
673	163567	0.0
674	163744	0.0
675	164056	2.0
676	164260	1.0
677	164451	0.0
678	164612	0.0
679	164820	1.0
680	165094	2.0
681	165266	0.0
682	165468	1.0
683	165644	0.0
684	165850	1.0
685	166082	1.0
686	166437	3.0
687	166664	1.0
688	166824	0.0
689	166995	0.0
690	167223	1.0
691	167400	0.0
692	167603	1.0
693	167879	2.0
694	168172	2.0
695	168343	0.0
696	168548	1.0
697	168800	1.0
698	169025	1.0
699	169328	2.0
700	169674	3.0
701	169888	1.0
702	170223	3.0
703	170425	0.0
704	170817	4.0
705	171044	1.0
706	171219	0.0
707	171392	0.0
708	171725	3.0
709	171954	1.0
710	172225	2.0
711	172480	1.0
712	172750	2.0
713	173077	3.0
714	173277	1.0
715	173522	1.0
716	173818	2.0
717	174029	1.0
718	174194	0.0
719	174434	2.0
720	174759	3.0
721	174937	0.0
722	175118	0.0
723	175383	1.0
724	175784	4.0
725	175967	0.0
726	176262	3.0
727	176512	1.0
728	176712	1.0
729	176951	1.0
730	177155	1.0
731	177347	0.0
732	177629	2.0
733	177933	2.0
734	178139	1.0
735	178352	1.0
736	178638	2.0
737	178823	0.0
738	179095	2.0
739	179375	2.0
740	179593	1.0
741	179868	2.0
742	180246	4.0
743	180431	0.0
744	180597	0.0
745	180861	1.0
746	181027	0.0
747	181198	0.0
748	181537	3.0
749	181863	3.0
750	182029	0.0
751	182273	1.0
752	182535	2.0
753	182709	0.0
754	182971	2.0
755	183148	0.0
756	183349	1.0
757	183562	0.0
758	183729	0.0
759	183928	0.0
760	184093	0.0
761	184272	0.0
762	184564	2.0
763	184772	1.0
764	185008	1.0
765	185290	2.0
766	185450	0.0
767	185680	1.0
768	186018	4.0
769	186192	0.0
770	186649	5.0
771	187097	4.0
772	187304	1.0
773	187662	3.0
774	187827	0.0
775	187992	0.0
776	188234	2.0
777	188486	1.0
778	188703	1.0
779	188876	0.0
780	189078	1.0
781	189364	2.0
782	189799	5.0
783	190110	2.0
784	190429	3.0
785	190608	0.0
786	190769	0.0
787	191086	3.0
788	191313	1.0
789	191659	3.0
790	191935	2.0
791	192145	1.0
792	192422	2.0
793	192771	3.0
794	193078	3.0
795	193246	0.0
796	193410	0.0
797	193709	2.0
798	193872	0.0
799	194079	0.0
800	194316	2.0
801	194718	4.0
802	194885	0.0
803	195128	1.0
804	195327	1.0
805	195587	1.0
806	195820	1.0
807	196181	3.0
808	196349	0.0
809	196617	2.0
810	196843	1.0
811	197040	0.0
812	197306	2.0
813	197495	0.0
814	197721	1.0
815	197901	0.0
816	198065	0.0
817	198232	0.0
818	198562	3.0
819	198765	0.0
820	198967	1.0
821	199192	1.0
822	199345	0.0
823	199510	0.0
824	199739	1.0
825	200022	2.0
826	200287	2.0
827	200603	2.0
828	200765	0.0
829	200941	0.0
830	201273	3.0
831	201718	4.0
832	201877	0.0
833	202105	1.0
834	202418	3.0
835	202791	3.0
836	203003	1.0
837	203309	3.0
838	203606	2.0
839	203844	1.0
840	204043	1.0
841	204244	0.0
842	204405	0.0
843	204722	1.0
844	205117	4.0
845	205295	0.0
846	205459	0.0
847	205633	0.0
848	205969	3.0
849	206263	2.0
850	206524	2.0
851	206707	0.0
852	206924	1.0
853	207223	2.0
854	207451	1.0
855	207748	2.0
856	207918	0.0
857	208205	2.0
858	208370	0.0
859	208674	2.0
860	208848	0.0
861	209094	1.0
862	209356	2.0
863	209677	3.0
864	209939	2.0
865	210386	5.0
866	210652	2.0
867	210931	2.0
868	211099	0.0
869	211540	5.0
870	211740	1.0
871	211927	0.0
872	212315	4.0
873	212557	1.0
874	212823	2.0
875	213008	0.0
876	213276	2.0
877	213470	0.0
878	213667	1.0
879	213839	0.0
880	214005	0.0
881	214196	0.0
882	214403	1.0
883	214576	0.0
884	214741	0.0
885	215002	1.0
886	215400	4.0
887	215650	1.0
888	215918	2.0
889	216107	0.0
890	216394	2.0
891	216846	4.0
892	217009	0.0
893	217227	1.0
894	217434	1.0
895	217706	2.0
896	217906	1.0
897	218088	0.0
898	218252	0.0
899	218445	0.0
900	218712	2.0
901	219048	2.0
902	219386	3.0
903	219757	4.0
904	219977	1.0
905	220142	0.0
906	220477	3.0
907	220776	2.0
908	221041	2.0
909	221239	0.0
910	221693	5.0
911	221885	0.0
912	222044	0.0
913	222331	2.0
914	222488	0.0
915	222677	0.0
916	222879	1.0
917	223143	2.0
918	223315	0.0
919	223497	0.0
920	223729	1.0
921	224200	5.0
922	224361	0.0
923	224709	3.0
924	224868	0.0
925	225045	0.0
926	225248	1.0
927	225675	3.0
928	225934	2.0
929	226115	0.0
930	226317	1.0
931	226609	2.0
932	226772	0.0
933	227104	2.0
934	227365	2.0
935	227674	2.0
936	227886	1.0
937	228270	4.0
938	228438	0.0
939	228796	3.0
940	228957	0.0
941	229300	3.0
942	229459	0.0
943	229629	0.0
944	229921	2.0
945	230198	2.0
946	230363	0.0
947	230548	0.0
948	230712	0.0
949	231003	2.0
950	231224	1.0
951	231399	0.0
952	231811	5.0
953	232120	3.0
954	232460	3.0
955	232789	3.0
956	233086	3.0
957	233316	1.0
958	233543	1.0
959	233995	4.0
960	234166	0.0
961	234408	1.0
962	234638	1.0
963	234939	2.0
964	235099	0.0
965	235352	1.0
966	235572	1.0
967	235869	2.0
968	236201	3.0
969	236430	1.0
970	236676	2.0
971	236921	1.0
972	237242	3.0
973	237525	2.0
974	237786	2.0
975	237991	0.0
976	238255	2.0
977	238498	1.0
978	238746	2.0
979	238929	0.0
980	239134	1.0
981	239413	1.0
982	239744	3.0
983	239930	0.0
984	240228	2.0
985	240591	3.0
986	240760	0.0
987	241014	1.0
988	241246	1.0
989	241436	0.0
990	241600	0.0
991	241775	0.0
992	241936	0.0
993	242166	1.0
994	242334	0.0
995	242578	1.0
996	242736	0.0
997	243053	3.0
998	243334	3.0
999	243531	0.0
1000	243884	3.0
1001	244088	0.0
1002	244250	0.0
1003	244548	2.0
1004	244713	0.0
1005	244980	1.0
1006	245279	3.0
1007	245465	0.0
1008	245735	2.0
1009	246038	2.0
1010	246206	0.0
1011	246571	3.0
1012	246838	2.0
1013	247051	0.0
1014	247216	0.0
1015	247430	0.0
1016	247593	0.0
1017	247839	1.0
1018	248101	2.0
1019	248319	0.0
1020	248578	2.0
1021	248767	0.0
1022	249029	2.0
1023	249272	1.0
1024	249567	3.0
1025	249759	0.0
1026	249917	0.0
1027	250101	0.0
1028	250428	3.0
1029	250598	0.0
1030	250801	1.0
1031	251018	0.0
1032	251318	3.0
1033	251514	0.0
1034	251741	1.0
1035	251931	0.0
1036	252096	0.0
1037	252356	1.0
1038	252623	2.0
1039	252924	2.0
1040	253087	0.0
1041	253321	1.0
1042	253475	0.0
1043	253792	2.0
1044	253951	0.0
1045	254195	1.0
1046	254365	0.0
1047	254569	0.0
1048	254809	2.0
1049	255126	3.0
1050	255421	2.0
1051	255645	1.0
1052	255967	3.0
1053	256323	3.0
1054	256556	1.0
1055	256852	2.0
1056	257021	0.0
1057	257290	2.0
1058	257615	3.0
1059	257790	0.0
1060	257991	1.0
1061	258205	1.0
1062	258516	3.0
1063	258770	1.0
1064	258988	1.0
1065	259247	1.0
1066	259513	2.0
1067	259698	0.0
1068	259929	1.0
1069	260105	0.0
1070	260268	0.0
1071	260539	2.0
1072	260759	1.0
1073	261134	4.0
1074	261305	0.0
1075	261532	1.0
1076	261692	0.0
1077	261930	1.0
1078	262296	4.0
1079	262578	2.0
1080	262778	1.0
1081	262964	0.0
1082	263175	1.0
1083	263341	0.0
1084	263500	0.0
1085	263871	3.0
1086	264082	1.0
1087	264268	0.0
1088	264593	3.0
1089	264794	0.0
1090	265068	2.0
1091	265357	2.0
1092	265566	1.0
1093	265736	0.0
1094	265963	1.0
1095	266251	2.0
1096	266420	0.0
1097	266688	2.0
1098	266951	2.0
1099	267193	1.0
1100	267538	3.0
1101	267799	1.0
1102	268004	1.0
1103	268223	0.0
1104	268378	0.0
1105	268650	1.0
1106	268879	1.0
1107	269114	1.0
1108	269312	1.0
1109	269558	1.0
1110	269725	0.0
1111	269933	0.0
1112	270100	0.0
1113	270413	2.0
1114	270574	0.0
1115	270887	2.0
1116	271183	2.0
1117	271383	0.0
1118	271643	2.0
1119	271914	1.0
1120	272149	1.0
1121	272329	0.0
1122	272559	1.0
1123	272752	0.0
1124	272945	1.0
1125	273204	1.0
1126	273428	1.0
1127	273808	3.0
1128	274071	2.0
1129	274453	3.0
1130	274717	2.0
1131	274966	1.0
1132	275267	3.0
1133	275455	0.0
1134	275718	2.0
1135	275904	0.0
1136	276235	3.0
1137	276401	0.0
1138	276619	1.0
1139	276920	1.0
1140	277188	2.0
1141	277479	1.0
1142	277643	0.0
1143	277858	0.0
1144	278027	0.0
1145	278194	0.0
1146	278421	1.0
1147	278717	2.0
1148	278971	2.0
1149	279167	0.0
1150	279324	0.0
1151	279688	3.0
1152	280099	4.0
1153	280372	2.0
1154	280663	2.0
1155	280919	1.0
1156	281146	1.0
1157	281492	3.0
1158	281656	0.0
1159	281911	1.0
1160	282078	0.0
1161	282346	1.0
1162	282579	1.0
1163	282769	0.0
1164	282932	0.0
1165	283144	1.0
1166	283372	1.0
1167	283665	2.0
1168	283931	2.0
1169	284132	0.0
1170	284353	1.0
1171	284655	1.0
1172	284858	1.0
1173	285108	1.0
1174	285405	3.0
1175	285650	1.0
1176	285878	1.0
1177	286321	4.0
1178	286542	1.0
1179	286742	0.0
1180	286977	1.0
1181	287228	0.0
1182	287431	1.0
1183	287615	0.0
1184	287846	1.0
1185	288146	2.0
1186	288498	3.0
1187	288726	0.0
1188	288886	0.0
1189	289115	1.0
1190	289379	2.0
1191	289570	0.0
1192	289770	1.0
1193	290051	2.0
1194	290251	1.0
1195	290468	1.0
1196	290875	5.0
1197	291266	3.0
1198	291699	4.0
1199	291988	1.0
1200	292214	1.0
1201	292664	4.0
1202	292930	2.0
1203	293130	0.0
1204	293356	1.0
1205	293549	0.0
1206	293869	3.0
1207	294107	1.0
1208	294278	0.0
1209	294566	3.0
1210	294824	2.0
1211	295188	3.0
1212	295411	1.0
1213	295620	0.0
1214	295886	2.0
1215	296237	3.0
1216	296512	2.0
1217	296734	0.0
1218	297110	4.0
1219	297342	1.0
1220	297498	0.0
1221	297769	1.0
1222	298026	2.0
1223	298275	0.0
1224	298566	2.0
1225	299042	5.0
1226	299206	0.0
1227	299473	1.0
1228	299965	5.0
1229	300168	0.0
1230	300328	0.0
1231	300698	3.0
1232	300920	1.0
1233	301178	1.0
1234	301337	0.0
1235	301602	1.0
1236	301948	3.0
1237	302285	2.0
1238	302459	0.0
1239	302713	1.0
1240	302917	1.0
1241	303103	0.0
1242	303498	4.0
1243	303802	2.0
1244	303966	0.0
1245	304210	1.0
1246	304539	3.0
1247	304738	0.0
1248	304958	1.0
1249	305279	3.0
1250	305478	1.0
1251	305962	5.0
1252	306123	0.0
1253	306350	1.0
1254	306640	2.0
1255	307050	3.0
1256	307276	1.0
1257	307557	2.0
1258	307883	3.0
1259	308140	1.0
1260	308362	1.0
1261	308671	3.0
1262	308934	2.0
1263	309314	4.0
1264	309665	3.0
1265	309893	0.0
1266	310272	4.0
1267	310518	1.0
1268	310680	0.0
1269	310917	1.0
1270	311197	2.0
1271	311407	0.0
1272	311572	0.0
1273	311823	1.0
1274	311984	0.0
1275	312387	4.0
1276	312614	1.0
1277	312802	0.0
1278	312971	0.0
1279	313265	2.0
1280	313495	1.0
1281	313721	0.0
1282	313949	1.0
1283	314257	2.0
1284	314479	1.0
1285	314795	2.0
1286	315219	5.0
1287	315650	3.0
1288	315813	0.0
1289	316049	1.0
1290	316349	3.0
1291	316623	1.0
1292	316785	0.0
1293	317145	3.0
1294	317306	0.0
1295	317569	1.0
1296	317971	4.0
1297	318171	0.0
1298	318434	2.0
1299	318634	0.0
1300	318792	0.0
1301	319103	2.0
1302	319262	0.0
1303	319656	3.0
1304	319923	2.0
1305	320139	0.0
1306	320301	0.0
1307	320483	0.0
1308	320654	0.0
1309	320958	2.0
1310	321126	0.0
1311	321392	1.0
1312	321618	1.0
1313	321860	1.0
1314	322085	1.0
1315	322370	2.0
1316	322569	1.0
1317	322817	1.0
1318	323107	2.0
1319	323288	0.0
1320	323544	2.0
1321	323791	2.0
1322	323992	1.0
1323	324343	3.0
1324	324621	2.0
1325	324875	1.0
1326	325138	2.0
1327	325371	1.0
1328	325531	0.0
1329	325850	2.0
1330	326016	0.0
1331	326297	2.0
1332	326555	2.0
1333	326761	0.0
1334	327022	2.0
1335	327350	2.0
1336	327513	0.0
1337	327774	1.0
1338	328092	3.0
1339	328301	0.0
1340	328522	1.0
1341	328801	2.0
1342	329055	2.0
1343	329284	0.0
1344	329528	2.0
1345	329783	1.0
1346	329943	0.0
1347	330257	1.0
1348	330425	0.0
1349	330674	1.0
1350	330934	2.0
1351	331124	0.0
1352	331288	0.0
1353	331620	2.0
1354	331781	0.0
1355	332105	2.0
1356	332265	0.0
1357	332480	0.0
1358	332742	2.0
1359	332964	1.0
1360	333164	1.0
1361	333452	2.0
1362	333624	0.0
1363	334011	4.0
1364	334338	3.0
1365	334622	2.0
1366	334821	1.0
1367	335015	0.0
1368	335219	1.0
1369	335466	1.0
1370	335634	0.0
1371	335952	2.0
1372	336115	0.0
1373	336568	5.0
1374	336733	0.0
1375	336933	0.0
1376	337261	3.0
1377	337497	0.0
1378	337662	0.0
1379	337852	0.0
1380	338117	2.0
1381	338416	2.0
1382	338825	5.0
1383	339005	0.0
1384	339164	0.0
1385	339338	0.0
1386	339500	0.0
1387	339798	2.0
1388	339992	1.0
1389	340346	2.0
1390	340509	0.0
1391	340675	0.0
1392	340870	1.0
1393	341094	0.0
1394	341377	2.0
1395	341548	0.0
1396	341714	0.0
1397	341974	0.0
1398	342231	2.0
1399	342422	0.0
1400	342645	1.0
1401	342824	0.0
1402	342988	0.0
1403	343207	0.0
1404	343463	2.0
1405	343693	0.0
1406	344021	3.0
1407	344327	2.0
1408	344559	1.0
1409	345004	5.0
1410	345173	0.0
1411	345370	0.0
1412	345534	0.0
1413	345838	2.0
1414	346009	0.0
1415	346241	1.0
1416	346466	1.0
1417	346846	3.0
1418	347012	0.0
1419	347265	1.0
1420	347425	0.0
1421	347602	0.0
1422	347969	4.0
1423	348253	2.0
1424	348451	1.0
1425	348737	2.0
1426	348977	2.0
1427	349188	0.0
1428	349410	1.0
1429	349671	1.0
1430	349866	1.0
1431	350059	0.0
1432	350216	0.0
1433	350387	0.0
1434	350552	0.0
1435	350842	2.0
1436	350997	0.0
1437	351340	3.0
1438	351502	0.0
1439	351960	5.0
1440	352307	3.0
1441	352530	0.0
1442	352730	1.0
1443	353044	1.0
1444	353310	2.0
1445	353619	2.0
1446	353973	3.0
1447	354208	0.0
1448	354462	2.0
1449	354655	0.0
1450	354915	2.0
1451	355179	0.0
1452	355343	0.0
1453	355561	0.0
1454	355721	0.0
1455	355917	0.0
1456	356082	0.0
1457	356316	1.0
1458	356570	2.0
1459	356803	1.0
1460	356964	0.0
1461	357216	1.0
1462	357436	1.0
1463	357631	0.0
1464	357798	0.0
1465	357979	0.0
1466	358257	3.0
1467	358559	2.0
1468	358825	2.0
1469	359084	0.0
1470	359373	2.0
1471	359560	0.0
1472	359789	2.0
1473	359993	0.0
1474	360251	2.0
1475	360476	0.0
1476	360758	2.0
1477	361159	3.0
1478	361513	3.0
1479	361769	0.0
1480	361923	0.0
1481	362405	5.0
1482	362567	0.0
1483	362801	0.0
1484	362967	0.0
1485	363146	0.0
1486	363313	0.0
1487	363573	2.0
1488	363804	1.0
1489	364098	2.0
1490	364355	2.0
1491	364566	1.0
1492	364729	0.0
1493	364990	1.0
1494	365158	0.0
1495	365655	4.0
1496	365922	2.0
1497	366098	0.0
1498	366265	0.0
1499	366463	0.0
1500	366630	0.0
1501	366966	2.0
1502	367122	0.0
1503	367403	2.0
1504	367609	1.0
1505	367822	1.0
1506	368125	3.0
1507	368315	0.0
1508	368477	0.0
1509	368856	2.0
1510	369010	0.0
1511	369255	0.0
1512	369615	4.0
1513	369954	2.0
1514	370181	1.0
1515	370468	2.0
1516	370627	0.0
1517	370841	0.0
1518	371168	3.0
1519	371400	0.0
1520	371624	1.0
1521	371884	1.0
1522	372243	3.0
1523	372523	2.0
1524	372718	1.0
1525	373024	2.0
1526	373221	1.0
1527	373475	1.0
1528	373730	2.0
1529	373929	0.0
1530	374218	2.0
1531	374503	2.0
1532	374666	0.0
1533	374895	1.0
1534	375057	0.0
1535	375360	2.0
1536	375638	3.0
1537	375929	1.0
1538	376101	0.0
1539	376370	1.0
1540	376628	2.0
1541	376878	2.0
1542	377142	2.0
1543	377439	2.0
1544	377696	2.0
1545	378021	2.0
1546	378246	1.0
1547	378547	1.0
1548	378836	2.0
1549	379086	1.0
1550	379311	1.0
1551	379677	3.0
1552	379938	2.0
1553	380208	2.0
1554	380366	0.0
1555	380575	0.0
1556	380738	0.0
1557	381038	1.0
1558	381298	2.0
1559	381565	1.0
1560	381896	3.0
1561	382180	1.0
1562	382381	1.0
1563	382618	0.0
1564	382879	2.0
1565	383068	0.0
1566	383229	0.0
1567	383464	1.0
1568	383667	1.0
1569	383981	1.0
1570	384146	0.0
1571	384489	2.0
1572	384652	0.0
1573	384979	2.0
1574	385207	1.0
1575	385470	1.0
1576	385748	2.0
1577	386012	1.0
1578	386211	1.0
1579	386560	3.0
1580	386726	0.0
1581	387132	3.0
1582	387338	1.0
1583	387528	0.0
1584	387691	0.0
1585	387948	1.0
1586	388141	1.0
1587	388352	0.0
1588	388571	1.0
1589	388995	3.0
1590	389161	0.0
1591	389354	0.0
1592	389615	2.0
1593	389871	1.0
1594	390037	0.0
1595	390340	1.0
1596	390500	0.0
1597	390687	0.0
1598	390953	2.0
1599	391171	0.0
1600	391335	0.0
1601	391645	2.0
1602	391801	0.0
1603	392009	0.0
1604	392298	2.0
1605	392516	0.0
1606	392801	2.0
1607	393086	2.0
1608	393346	2.0
1609	393612	0.0
1610	393870	2.0
1611	394162	1.0
1612	394324	0.0
1613	394578	1.0
1614	394837	2.0
1615	395157	2.0
1616	395321	0.0
1617	395537	0.0
1618	395801	2.0
1619	396167	3.0
1620	396330	0.0
1621	396527	0.0
1622	396788	2.0
1623	397206	4.0
1624	397466	2.0
1625	397726	0.0
1626	397970	2.0
1627	398265	1.0
1628	398469	1.0
1629	398851	3.0
1630	399199	3.0
1631	399416	0.0
1632	399577	0.0
1633	399927	3.0
1634	400092	0.0
1635	400332	1.0
1636	400629	3.0
1637	400812	0.0
1638	401082	2.0
1639	401315	0.0
1640	401585	2.0
1641	401885	1.0
1642	402119	1.0
1643	402324	0.0
1644	402496	0.0
1645	402781	0.0
1646	403046	2.0
1647	403373	1.0
1648	403631	2.0
1649	404071	4.0
1650	404360	2.0
1651	404580	0.0
1652	404750	0.0
1653	404998	1.0
1654	405161	0.0
1655	405416	1.0
1656	405583	0.0
1657	405926	2.0
1658	406091	0.0
1659	406317	1.0
1660	406470	0.0
1661	406821	2.0
1662	407180	3.0
1663	407536	2.0
1664	407736	1.0
1665	408041	1.0
1666	408206	0.0
1667	408425	0.0
1668	408587	0.0
1669	408910	1.0
1670	409134	1.0
1671	409363	0.0
1672	409521	0.0
1673	409802	0.0
1674	409960	0.0
1675	410225	0.0
1676	410386	0.0
1677	410729	2.0
1678	410900	0.0
1679	411174	0.0
1680	411437	2.0
1681	411732	2.0
1682	411995	2.0
1683	412445	3.0
1684	412607	0.0
1685	412984	2.0
1686	413305	3.0
1687	413744	3.0
1688	413948	1.0
1689	414424	3.0
1690	414683	2.0
1691	414871	0.0
1692	415173	3.0
1693	415500	2.0
1694	415655	0.0
1695	415932	1.0
1696	416131	1.0
1697	416616	4.0
1698	416808	1.0
1699	417130	2.0
1700	417393	2.0
1701	417701	2.0
1702	417929	1.0
1703	418143	0.0
1704	418400	2.0
1705	418644	0.0
1706	418865	1.0
1707	419128	0.0
1708	419325	1.0
1709	419641	2.0
1710	419806	0.0
1711	420324	4.0
1712	420524	1.0
1713	420984	3.0
1714	421148	0.0
1715	421488	2.0
1716	421642	0.0
1717	421958	2.0
1718	422120	0.0
1719	422529	3.0
1720	422783	2.0
1721	423034	0.0
1722	423190	0.0
1723	423505	2.0
1724	423793	2.0
1725	424001	0.0
1726	424166	0.0
1727	424635	3.0
1728	424894	2.0
1729	425306	4.0
1730	425565	2.0
1731	425968	3.0
1732	426174	1.0
1733	426633	4.0
1734	426891	2.0
1735	427276	2.0
1736	427436	0.0
1737	427747	2.0
1738	427907	0.0
1739	428267	2.0
1740	428469	1.0
1741	428888	3.0
1742	429218	3.0
1743	429529	2.0
1744	429691	0.0
1745	429939	0.0
1746	430100	0.0
1747	430393	0.0
1748	430649	2.0
1749	430965	2.0
1750	431127	0.0
1751	431534	2.0
1752	431754	1.0
1753	432183	2.0
1754	432348	0.0
1755	432793	4.0
1756	433007	1.0
1757	433271	0.0
1758	433537	2.0
1759	433878	2.0
1760	434037	0.0
1761	434393	2.0
1762	434687	3.0
1763	435140	4.0
1764	435305	0.0
1765	435531	0.0
1766	435694	0.0
1767	436118	3.0
1768	436282	0.0
1769	436570	2.0
1770	436727	0.0
1771	437089	2.0
1772	437471	4.0
1773	438050	5.0
1774	438211	0.0
1775	438488	2.0
1776	438651	0.0
1777	438981	2.0
1778	439291	3.0
1779	439643	2.0
1780	439874	1.0
1781	440172	2.0
1782	440333	0.0
1783	440872	5.0
1784	441295	4.0
1785	441588	2.0
1786	441834	2.0
1787	442272	3.0
1788	442435	0.0
1789	442733	0.0
1790	442955	1.0
1791	443320	3.0
1792	443484	0.0
1793	443722	0.0
1794	443884	0.0
1795	444085	0.0
1796	444247	0.0
1797	444569	2.0
1798	444858	2.0
1799	445347	3.0
1800	445508	0.0
1801	445893	2.0
1802	446155	2.0
1803	446537	2.0
1804	446737	1.0
1805	447140	2.0
1806	447345	1.0
1807	447977	5.0
1808	448284	3.0
1809	448642	2.0
1810	448802	0.0
1811	449273	4.0
1812	449433	0.0
1813	449841	3.0
1814	450042	1.0
1815	450523	3.0
1816	450746	1.0
1817	451086	2.0
1818	451353	2.0
1819	451731	2.0
1820	451987	2.0
1821	452331	0.0
1822	452551	1.0
1823	452814	0.0
1824	453021	1.0
1825	453433	2.0
1826	453593	0.0
1827	454121	4.0
1828	454347	1.0
1829	454791	2.0
1830	455121	3.0
1831	455415	0.0
1832	455642	1.0
1833	456057	2.0
1834	456319	2.0
1835	456728	2.0
1836	456987	2.0
1837	457507	2.0
1838	457732	1.0
1839	458079	2.0
1840	458469	4.0
1841	458812	2.0
1842	459009	1.0
1843	459428	2.0
1844	459667	2.0
1845	460022	3.0
1846	460244	1.0
1847	460655	2.0
1848	460856	1.0
1849	461277	3.0
1850	461439	0.0
1851	461707	0.0
1852	461930	1.0
1853	462428	3.0
1854	462761	3.0
1855	463094	2.0
1856	463318	1.0
1857	463698	2.0
1858	464008	3.0
1859	464419	2.0
1860	464618	1.0
1861	465110	3.0
1862	465433	3.0
1863	465807	2.0
1864	466265	5.0
1865	466563	2.0
1866	466722	0.0
1867	467090	2.0
1868	467309	1.0
1869	467619	2.0
1870	467777	0.0
1871	468113	2.0
1872	468378	2.0
1873	468675	1.0
1874	468901	1.0
1875	469327	2.0
1876	469710	5.0
1877	470029	1.0
1878	470364	3.0
1879	470624	0.0
1880	470781	0.0
1881	471040	0.0
1882	471235	1.0
1883	471595	2.0
1884	471758	0.0
1885	472057	0.0
1886	472314	2.0
1887	472583	0.0
1888	472741	0.0
1889	472944	0.0
1890	473170	1.0
1891	473360	0.0
1892	473512	0.0
1893	473886	1.0
1894	474085	1.0
1895	474388	0.0
1896	474551	0.0
1897	475041	4.0
1898	475302	2.0
1899	475704	3.0
1900	475964	2.0
1901	476306	0.0
1902	476468	0.0
1903	476818	1.0
1904	476977	0.0
1905	477227	0.0
1906	477450	1.0
1907	477826	2.0
1908	477991	0.0
1909	478208	0.0
1910	478372	0.0
1911	478759	0.0
1912	478952	1.0
1913	479301	1.0
1914	479501	1.0
1915	479827	1.0
1916	479989	0.0
1917	480411	2.0
1918	480771	3.0
1919	481094	1.0
1920	481262	0.0
1921	481558	1.0
1922	481817	2.0
1923	482189	1.0
1924	482382	1.0
1925	482768	0.0
1926	482989	1.0
1927	483317	1.0
1928	483555	2.0
1929	484051	3.0
1930	484209	0.0
1931	484551	0.0
1932	484777	1.0
1933	485098	0.0
1934	485294	1.0
1935	485794	3.0
1936	486061	2.0
1937	486584	2.0
1938	486980	5.0
1939	487396	2.0
1940	487785	4.0
1941	488220	2.0
1942	488486	2.0
1943	488925	2.0
1944	489215	2.0
1945	489701	2.0
1946	489921	1.0
1947	490454	3.0
1948	490672	1.0
1949	491181	3.0
1950	491383	1.0
1951	491900	3.0
1952	492098	1.0
1953	492539	2.0
1954	492841	3.0
1955	493422	2.0
1956	493587	0.0
1957	494094	2.0
1958	494336	2.0
1959	494807	2.0
1960	495065	2.0
1961	495723	2.0
1962	495888	0.0
1963	496209	0.0
1964	496408	1.0
1965	496949	0.0
1966	497110	0.0
1967	497399	1.0
1968	497665	2.0
1969	498030	1.0
1970	498262	1.0
1971	498557	0.0
1972	498761	1.0
1973	499210	3.0
1974	499370	0.0
1975	499748	1.0
1976	499969	1.0
1977	500270	0.0
1978	500649	4.0
1979	500972	0.0
1980	501256	2.0
1981	501711	2.0
1982	501910	1.0
1983	502217	0.0
1984	502474	2.0
1985	502716	0.0
1986	503022	3.0
1987	503428	1.0
1988	503648	1.0
1989	504207	1.0
1990	504471	2.0
1991	504980	3.0
1992	505136	0.0
1993	505542	0.0
1994	505821	3.0
1995	506281	3.0
1996	506569	2.0
1997	506992	1.0
1998	507158	0.0
1999	507603	4.0
2000	507762	0.0
2001	508460	5.0
2002	508624	0.0
2003	509104	3.0
2004	509562	5.0
2005	510369	3.0
2006	510591	1.0
2007	511046	3.0
2008	511363	3.0
2009	511585	0.0
2010	511746	0.0
2011	512343	3.0
2012	512569	1.0
2013	512939	2.0
2014	513101	0.0
2015	513559	3.0
2016	513819	2.0
2017	514383	4.0
2018	514641	2.0
2019	514998	0.0
2020	515223	1.0
2021	516115	4.0
2022	516271	0.0
2023	516689	2.0
2024	516847	0.0
2025	517456	5.0
2026	517614	0.0
2027	518123	2.0
2028	518287	0.0
2029	518570	0.0
2030	518763	1.0
2031	519205	2.0
2032	519539	3.0
2033	519982	2.0
2034	520143	0.0
2035	520759	3.0
2036	521017	2.0
2037	521422	2.0
2038	521688	2.0
2039	522141	2.0
2040	522337	1.0
2041	522846	4.0
2042	523187	4.0
2043	523799	4.0
2044	524210	4.0
2045	524584	2.0
2046	524749	0.0
2047	525354	3.0
2048	525514	0.0
2049	526010	2.0
2050	526229	1.0
2051	526610	0.0
2052	526811	1.0
2053	527340	2.0
2054	527500	0.0
2055	527969	3.0
2056	528126	0.0
2057	528649	3.0
2058	528811	0.0
2059	529169	0.0
2060	529329	0.0
2061	529841	2.0
0	23	1.3000000000000007
1	72	3.8999999999999986
2	120	3.799999999999999
3	168	3.799999999999999
4	217	3.8999999999999986
5	265	3.799999999999999
6	328	6.199999999999994
7	376	3.799999999999999
8	438	6.099999999999994
9	486	3.799999999999999
10	534	3.799999999999999
11	576	3.200000000000001
12	624	3.799999999999999
13	676	4.1999999999999975
14	724	3.799999999999999
15	772	3.799999999999999
16	820	3.799999999999999
17	879	4.899999999999995
18	927	3.799999999999999
19	944	0.7000000000000004
20	992	3.799999999999999
21	1040	3.799999999999999
22	1088	3.799999999999999
23	1136	3.799999999999999
24	1184	3.799999999999999
25	1232	3.799999999999999
26	1280	3.799999999999999
27	1341	5.999999999999995
28	1389	3.799999999999999
29	1437	3.799999999999999
30	1485	3.799999999999999
31	1533	3.799999999999999
32	1581	3.799999999999999
33	1598	0.7000000000000004
34	1646	3.799999999999999
35	1682	2.600000000000002
36	1730	3.799999999999999
37	1780	3.9999999999999982
38	1828	3.799999999999999
39	1887	4.899999999999995
40	1935	3.799999999999999
41	1992	4.699999999999996
42	2040	3.799999999999999
43	2088	3.799999999999999
44	2136	3.799999999999999
45	2184	3.799999999999999
46	2232	3.799999999999999
47	2249	0.7000000000000004
48	2297	3.799999999999999
49	2341	3.4000000000000004
50	2389	3.799999999999999
51	2430	3.1000000000000014
52	2478	3.799999999999999
53	2526	3.799999999999999
54	2574	3.799999999999999
55	2622	3.799999999999999
56	2670	3.799999999999999
57	2718	3.799999999999999
58	2766	3.799999999999999
59	2827	5.999999999999995
60	2875	3.799999999999999
61	2923	3.799999999999999
62	2971	3.799999999999999
63	2988	0.7000000000000004
64	3036	3.799999999999999
65	3084	3.799999999999999
66	3132	3.799999999999999
67	3180	3.799999999999999
68	3228	3.799999999999999
69	3276	3.799999999999999
70	3324	3.799999999999999
71	3341	0.7000000000000004
72	3389	3.799999999999999
73	3406	0.7000000000000004
74	3454	3.799999999999999
75	3502	3.799999999999999
76	3550	3.799999999999999
77	3598	3.799999999999999
78	3646	3.799999999999999
79	3705	4.899999999999995
80	3753	3.799999999999999
81	3817	6.299999999999994
82	3865	3.799999999999999
83	3882	0.7000000000000004
84	3930	3.799999999999999
85	3947	0.7000000000000004
86	3995	3.799999999999999
87	4030	2.5000000000000018
88	4078	3.799999999999999
89	4095	0.7000000000000004
90	4143	3.799999999999999
91	4195	4.1999999999999975
92	4243	3.799999999999999
93	4260	0.7000000000000004
94	4308	3.799999999999999
95	4325	0.7000000000000004
96	4373	3.799999999999999
97	4390	0.7000000000000004
98	4438	3.799999999999999
99	4486	3.799999999999999
100	4534	3.799999999999999
101	4551	0.7000000000000004
102	4599	3.799999999999999
103	4647	3.799999999999999
104	4695	3.799999999999999
105	4743	3.799999999999999
106	4791	3.799999999999999
107	4827	2.600000000000002
108	4875	3.799999999999999
109	4923	3.799999999999999
110	4971	3.799999999999999
111	5020	3.8999999999999986
112	5068	3.799999999999999
113	5085	0.7000000000000004
114	5133	3.799999999999999
115	5150	0.7000000000000004
116	5198	3.799999999999999
117	5246	3.799999999999999
118	5294	3.799999999999999
119	5311	0.7000000000000004
120	5359	3.799999999999999
121	5392	2.3000000000000016
122	5440	3.799999999999999
123	5488	3.799999999999999
124	5536	3.799999999999999
125	5553	0.7000000000000004
126	5605	4.1999999999999975
127	5646	3.1000000000000014
128	5694	3.799999999999999
129	5746	4.1999999999999975
130	5794	3.799999999999999
131	5842	3.799999999999999
132	5893	4.099999999999998
133	5941	3.799999999999999
134	5996	4.4999999999999964
135	6013	0.7000000000000004
136	6061	3.799999999999999
137	6078	0.7000000000000004
138	6126	3.799999999999999
139	6174	3.799999999999999
140	6222	3.799999999999999
141	6270	3.799999999999999
142	6318	3.799999999999999
143	6366	3.799999999999999
144	6414	3.799999999999999
145	6462	3.799999999999999
146	6518	4.599999999999996
147	6535	0.7000000000000004
148	6583	3.799999999999999
149	6600	0.7000000000000004
150	6668	6.699999999999992
151	6685	0.7000000000000004
152	6702	0.7000000000000004
153	6758	4.599999999999996
154	6806	3.799999999999999
155	6862	4.599999999999996
156	6923	5.999999999999995
157	6959	2.600000000000002
158	7008	3.8999999999999986
159	7044	2.600000000000002
160	7061	0.7000000000000004
161	7109	3.799999999999999
162	7126	0.7000000000000004
163	7161	2.5000000000000018
164	7178	0.7000000000000004
165	7226	3.799999999999999
166	7278	4.1999999999999975
167	7326	3.799999999999999
168	7385	4.899999999999995
169	7433	3.799999999999999
170	7450	0.7000000000000004
171	7498	3.799999999999999
172	7582	8.299999999999986
173	7599	0.7000000000000004
174	7647	3.799999999999999
175	7695	3.799999999999999
176	7743	3.799999999999999
177	7791	3.799999999999999
178	7875	8.299999999999986
179	7923	3.799999999999999
180	7971	3.799999999999999
181	8007	2.600000000000002
182	8091	8.299999999999986
183	8139	3.799999999999999
184	8156	0.7000000000000004
185	8173	0.7000000000000004
186	8228	4.4999999999999964
187	8245	0.7000000000000004
188	8293	3.799999999999999
189	8344	4.099999999999998
190	8392	3.799999999999999
191	8440	3.799999999999999
192	8457	0.7000000000000004
193	8492	2.5000000000000018
194	8540	3.799999999999999
195	8590	3.9999999999999982
196	8638	3.799999999999999
197	8674	2.600000000000002
198	8728	4.399999999999997
199	8782	4.399999999999997
200	8830	3.799999999999999
201	8883	4.299999999999997
202	8932	3.8999999999999986
203	8980	3.799999999999999
204	8997	0.7000000000000004
205	9045	3.799999999999999
206	9062	0.7000000000000004
207	9098	2.600000000000002
208	9146	3.799999999999999
209	9181	2.5000000000000018
210	9229	3.799999999999999
211	9277	3.799999999999999
212	9294	0.7000000000000004
213	9349	4.4999999999999964
214	9397	3.799999999999999
215	9414	0.7000000000000004
216	9462	3.799999999999999
217	9510	3.799999999999999
218	9558	3.799999999999999
219	9606	3.799999999999999
220	9623	0.7000000000000004
221	9675	4.1999999999999975
222	9711	2.600000000000002
223	9728	0.7000000000000004
224	9776	3.799999999999999
225	9824	3.799999999999999
226	9872	3.799999999999999
227	9889	0.7000000000000004
228	9906	0.7000000000000004
229	9944	2.800000000000002
230	9992	3.799999999999999
231	10009	0.7000000000000004
232	10057	3.799999999999999
233	10113	4.599999999999996
234	10161	3.799999999999999
235	10209	3.799999999999999
236	10257	3.799999999999999
237	10274	0.7000000000000004
238	10322	3.799999999999999
239	10339	0.7000000000000004
240	10387	3.799999999999999
241	10404	0.7000000000000004
242	10452	3.799999999999999
243	10498	3.5999999999999996
244	10546	3.799999999999999
245	10594	3.799999999999999
246	10642	3.799999999999999
247	10659	0.7000000000000004
248	10707	3.799999999999999
249	10724	0.7000000000000004
250	10772	3.799999999999999
251	10820	3.799999999999999
252	10868	3.799999999999999
253	10917	3.8999999999999986
254	10965	3.799999999999999
255	10982	0.7000000000000004
256	11030	3.799999999999999
257	11093	6.199999999999994
258	11141	3.799999999999999
259	11189	3.799999999999999
260	11237	3.799999999999999
261	11285	3.799999999999999
262	11333	3.799999999999999
263	11381	3.799999999999999
264	11429	3.799999999999999
265	11477	3.799999999999999
266	11525	3.799999999999999
267	11573	3.799999999999999
268	11621	3.799999999999999
269	11669	3.799999999999999
270	11717	3.799999999999999
271	11772	4.4999999999999964
272	11820	3.799999999999999
273	11856	2.600000000000002
274	11904	3.799999999999999
275	11957	4.299999999999997
276	12005	3.799999999999999
277	12053	3.799999999999999
278	12101	3.799999999999999
279	12145	3.4000000000000004
280	12193	3.799999999999999
281	12241	3.799999999999999
282	12289	3.799999999999999
283	12306	0.7000000000000004
284	12354	3.799999999999999
285	12402	3.799999999999999
286	12450	3.799999999999999
287	12498	3.799999999999999
288	12546	3.799999999999999
289	12563	0.7000000000000004
290	12611	3.799999999999999
291	12659	3.799999999999999
292	12707	3.799999999999999
293	12755	3.799999999999999
294	12803	3.799999999999999
295	12820	0.7000000000000004
296	12868	3.799999999999999
297	12932	6.299999999999994
298	12980	3.799999999999999
299	12997	0.7000000000000004
300	13045	3.799999999999999
301	13093	3.799999999999999
302	13141	3.799999999999999
303	13189	3.799999999999999
304	13237	3.799999999999999
305	13285	3.799999999999999
306	13333	3.799999999999999
307	13381	3.799999999999999
308	13429	3.799999999999999
309	13477	3.799999999999999
310	13525	3.799999999999999
311	13573	3.799999999999999
312	13621	3.799999999999999
313	13669	3.799999999999999
314	13717	3.799999999999999
315	13765	3.799999999999999
316	13813	3.799999999999999
317	13861	3.799999999999999
318	13909	3.799999999999999
319	13957	3.799999999999999
320	14005	3.799999999999999
321	14053	3.799999999999999
322	14101	3.799999999999999
323	14149	3.799999999999999
324	14197	3.799999999999999
325	14245	3.799999999999999
326	14293	3.799999999999999
327	14341	3.799999999999999
328	14389	3.799999999999999
329	14437	3.799999999999999
330	14485	3.799999999999999
331	14533	3.799999999999999
332	14581	3.799999999999999
333	14629	3.799999999999999
334	14677	3.799999999999999
335	14725	3.799999999999999
336	14773	3.799999999999999
337	14821	3.799999999999999
338	14869	3.799999999999999
339	14917	3.799999999999999
340	14965	3.799999999999999
341	15013	3.799999999999999
342	15061	3.799999999999999
343	15109	3.799999999999999
344	15157	3.799999999999999
345	15205	3.799999999999999
346	15253	3.799999999999999
347	15301	3.799999999999999
348	15349	3.799999999999999
349	15397	3.799999999999999
350	15445	3.799999999999999
351	15493	3.799999999999999
352	15541	3.799999999999999
353	15589	3.799999999999999
354	15637	3.799999999999999
355	15685	3.799999999999999
356	15733	3.799999999999999
357	15781	3.799999999999999
358	15829	3.799999999999999
359	15877	3.799999999999999
360	15925	3.799999999999999
361	15973	3.799999999999999
362	16021	3.799999999999999
363	16069	3.799999999999999
364	16117	3.799999999999999
365	16165	3.799999999999999
366	16213	3.799999999999999
367	16261	3.799999999999999
368	16309	3.799999999999999
369	16357	3.799999999999999
370	16405	3.799999999999999
371	16453	3.799999999999999
372	16501	3.799999999999999
373	16549	3.799999999999999
374	16597	3.799999999999999
375	16645	3.799999999999999
376	16693	3.799999999999999
377	16741	3.799999999999999
378	16789	3.799999999999999
379	16837	3.799999999999999
380	16885	3.799999999999999
381	16933	3.799999999999999
382	16981	3.799999999999999
383	17029	3.799999999999999
384	17077	3.799999999999999
385	17125	3.799999999999999
386	17173	3.799999999999999
387	17221	3.799999999999999
388	17269	3.799999999999999
389	17317	3.799999999999999
390	17365	3.799999999999999
391	17413	3.799999999999999
392	17461	3.799999999999999
393	17509	3.799999999999999
394	17557	3.799999999999999
395	17605	3.799999999999999
396	17653	3.799999999999999
397	17701	3.799999999999999
398	17749	3.799999999999999
399	17797	3.799999999999999
400	17845	3.799999999999999
401	17893	3.799999999999999
402	17941	3.799999999999999
403	17989	3.799999999999999
404	18037	3.799999999999999
405	18085	3.799999999999999
406	18133	3.799999999999999
407	18181	3.799999999999999
408	18229	3.799999999999999
409	18277	3.799999999999999
410	18325	3.799999999999999
411	18373	3.799999999999999
412	18421	3.799999999999999
413	18469	3.799999999999999
414	18517	3.799999999999999
415	18565	3.799999999999999
416	18613	3.799999999999999
417	18661	3.799999999999999
418	18709	3.799999999999999
419	18757	3.799999999999999
420	18805	3.799999999999999
421	18853	3.799999999999999
422	18901	3.799999999999999
423	18949	3.799999999999999
424	18997	3.799999999999999
425	19045	3.799999999999999
426	19093	3.799999999999999
427	19141	3.799999999999999
428	19189	3.799999999999999
429	19237	3.799999999999999
430	19285	3.799999999999999
431	19333	3.799999999999999
432	19381	3.799999999999999
433	19429	3.799999999999999
434	19477	3.799999999999999
435	19525	3.799999999999999
436	19573	3.799999999999999
437	19621	3.799999999999999
438	19669	3.799999999999999
439	19717	3.799999999999999
440	19765	3.799999999999999
441	19813	3.799999999999999
442	19861	3.799999999999999
443	19909	3.799999999999999
444	19957	3.799999999999999
445	20005	3.799999999999999
446	20053	3.799999999999999
447	20101	3.799999999999999
448	20149	3.799999999999999
449	20197	3.799999999999999
450	20245	3.799999999999999
451	20293	3.799999999999999
452	20341	3.799999999999999
453	20389	3.799999999999999
454	20437	3.799999999999999
455	20485	3.799999999999999
456	20533	3.799999999999999
457	20581	3.799999999999999
458	20629	3.799999999999999
459	20677	3.799999999999999
460	20725	3.799999999999999
461	20773	3.799999999999999
462	20821	3.799999999999999
463	20869	3.799999999999999
464	20917	3.799999999999999
465	20965	3.799999999999999
466	21013	3.799999999999999
467	21061	3.799999999999999
468	21109	3.799999999999999
469	21157	3.799999999999999
470	21205	3.799999999999999
471	21253	3.799999999999999
472	21301	3.799999999999999
473	21349	3.799999999999999
474	21397	3.799999999999999
475	21445	3.799999999999999
476	21493	3.799999999999999
477	21541	3.799999999999999
478	21589	3.799999999999999
479	21637	3.799999999999999
480	21685	3.799999999999999
481	21733	3.799999999999999
482	21781	3.799999999999999
483	21829	3.799999999999999
484	21877	3.799999999999999
485	21925	3.799999999999999
486	21973	3.799999999999999
487	22021	3.799999999999999
488	22069	3.799999999999999
489	22117	3.799999999999999
490	22165	3.799999999999999
491	22213	3.799999999999999
492	22261	3.799999999999999
493	22309	3.799999999999999
494	22357	3.799999999999999
495	22405	3.799999999999999
496	22453	3.799999999999999
497	22501	3.799999999999999
498	22549	3.799999999999999
499	22597	3.799999999999999
500	22645	3.799999999999999
501	22693	3.799999999999999
502	22741	3.799999999999999
503	22789	3.799999999999999
504	22837	3.799999999999999
505	22854	0.7000000000000004
506	22902	3.799999999999999
507	22950	3.799999999999999
508	22998	3.799999999999999
509	23046	3.799999999999999
510	23094	3.799999999999999
511	23148	4.399999999999997
512	23196	3.799999999999999
513	23244	3.799999999999999
514	23292	3.799999999999999
515	23328	2.600000000000002
516	23376	3.799999999999999
517	23393	0.7000000000000004
518	23441	3.799999999999999
519	23458	0.7000000000000004
520	23506	3.799999999999999
521	23554	3.799999999999999
522	23602	3.799999999999999
523	23650	3.799999999999999
524	23698	3.799999999999999
525	23746	3.799999999999999
526	23794	3.799999999999999
527	23842	3.799999999999999
528	23890	3.799999999999999
529	23939	3.8999999999999986
530	23987	3.799999999999999
531	24035	3.799999999999999
532	24083	3.799999999999999
533	24100	0.7000000000000004
534	24148	3.799999999999999
535	24196	3.799999999999999
536	24244	3.799999999999999
537	24290	3.5999999999999996
538	24338	3.799999999999999
539	24355	0.7000000000000004
540	24403	3.799999999999999
541	24420	0.7000000000000004
542	24468	3.799999999999999
543	24516	3.799999999999999
544	24564	3.799999999999999
545	24612	3.799999999999999
546	24660	3.799999999999999
547	24708	3.799999999999999
548	24756	3.799999999999999
549	24791	2.5000000000000018
550	24839	3.799999999999999
551	24894	4.4999999999999964
552	24942	3.799999999999999
553	24994	4.1999999999999975
554	25042	3.799999999999999
555	25094	4.1999999999999975
556	25142	3.799999999999999
557	25190	3.799999999999999
558	25238	3.799999999999999
559	25255	0.7000000000000004
560	25303	3.799999999999999
561	25335	2.2000000000000015
562	25383	3.799999999999999
563	25400	0.7000000000000004
564	25448	3.799999999999999
565	25496	3.799999999999999
566	25544	3.799999999999999
567	25628	8.299999999999986
568	25676	3.799999999999999
569	25728	4.1999999999999975
570	25776	3.799999999999999
571	25824	3.799999999999999
572	25872	3.799999999999999
573	25889	0.7000000000000004
574	25937	3.799999999999999
575	25985	3.799999999999999
576	26033	3.799999999999999
577	26081	3.799999999999999
578	26129	3.799999999999999
579	26177	3.799999999999999
580	26225	3.799999999999999
581	26273	3.799999999999999
582	26321	3.799999999999999
583	26369	3.799999999999999
584	26417	3.799999999999999
585	26465	3.799999999999999
586	26513	3.799999999999999
587	26561	3.799999999999999
588	26609	3.799999999999999
589	26657	3.799999999999999
590	26705	3.799999999999999
591	26753	3.799999999999999
592	26801	3.799999999999999
593	26849	3.799999999999999
594	26897	3.799999999999999
595	26945	3.799999999999999
596	26993	3.799999999999999
597	27041	3.799999999999999
598	27089	3.799999999999999
599	27137	3.799999999999999
600	27185	3.799999999999999
601	27233	3.799999999999999
602	27281	3.799999999999999
603	27329	3.799999999999999
604	27377	3.799999999999999
605	27425	3.799999999999999
606	27473	3.799999999999999
607	27521	3.799999999999999
